51867
45333
49497
18455
60471
11530
27239
33003
34109
7004
60096
43948
35432
59270
23266
9041
46081
7235
34935
44996
15189
20965
53500
50057
30405
22568
37445
37199
59181
9640
49407
43441
27454
58378
46990
6315
37250
46949
37843
43473
62743
17815
61490
61544
21776
12159
36523
28385
41043
36485
49960
9942
34949
36061
22488
33077
46028
35505
2669
52269
18421
11831
3808
5185
3874
46247
41737
21828
47038
57018
18772
33212
56457
43147
50993
43312
22281
27431
18674
15015
29740
6561
51157
34344
41271
38068
60196
57530
3115
58060
31271
14493
3801
53059
9436
11562
30054
42704
62685
30043
16391
39108
22879
17389
12937
39227
10296
34329
47934
24528
32131
5324
44070
29991
29480
56807
13576
57301
50287
30206
8644
23374
38661
39232
50721
37212
34281
46612
15649
19743
21166
25538
52960
19780
10662
32106
55857
16063
32033
48079
34828
35323
9816
63870
43897
17970
44740
37534
27237
43544
36411
30403
57302
16927
26617
54636
42902
43976
13951
49117
54244
28367
10943
33515
59466
10507
16837
54117
9847
50294
11373
36373
25757
168
47493
50069
15595
42459
7115
62966
13610
12365
60710
56705
24892
23267
63266
10288
27739
24661
33034
34751
10542
3760
5366
64043
8415
25105
29415
41625
49895
36155
20874
17222
4934
27048
56355
38452
6352
51367
51820
26750
566
7384
58898
42320
31650
17077
45206
63574
4554
43053
14154
36210
42727
54043
33003
52215
58349
60550
7282
63408
33117
59283
25125
217
8409
32499
53816
49007
61445
18172
32361
33893
14347
42298
41300
40644
28611
38099
60966
55650
4936
45479
61636
25162
61147
20191
12526
13611
20109
8420
3506
24737
36032
49889
16491
4324
18694
42227
11170
37861
31718
34450
164
53569
3171
55463
2777
24016
16032
20561
12337
13722
39205
44825
50729
45405
56630
43833
533
54601
40898
54013
33921
5911
32955
58775
14939
4250
4019
4573
11775
50026
4938
50407
64936
32977
11981
40857
53077
49324
9147
65228
33638
8450
7282
30378
2498
164
20474
12995
33091
8123
48526
23060
51445
972
58998
9323
30219
34769
3926
1536
31644
42661
17532
17069
61746
46270
51269
60510
13928
36787
46164
7198
37781
54624
65503
29476
31958
43803
13178
15718
52530
38423
20238
2539
58885
6900
38484
6789
19186
27009
31819
38165
30552
1457
62520
4159
40637
52570
20434
40111
22987
46660
9118
16139
60274
22337
40336
26053
33306
37862
21463
64843
17792
19297
60310
40149
65332
37271
32425
58035
2103
64842
23862
32917
58772
55235
33185
64275
38668
16745
46106
35903
14712
38059
11259
33527
57700
50165
18939
30996
52501
4723
29558
44241
34485
12362
57032
3784
49983
27638
20341
20892
42997
45552
63574
41735
18970
31687
28478
7211
19119
32475
23039
22604
11478
60152
7481
45718
45390
51351
52161
9391
3727
38807
9853
40313
13137
43123
430
26992
31684
58607
35615
12526
61318
22755
62946
27735
33545
59911
4338
34694
10646
21652
28732
21556
12515
56557
36805
45985
17240
49675
51333
25121
7670
35766
62284
42973
2513
59572
10454
321
14825
11867
31789
64405
31954
19133
46947
61218
8379
24266
48887
40085
20370
25901
6138
12037
37725
36566
15598
45955
8120
1538
42699
45745
8141
58852
14326
31905
51135
40533
42859
41864
40973
2677
36865
39659
16532
62662
25614
65292
64181
65014
3544
30634
15844
8883
57963
51727
31468
56177
31768
38158
3968
54524
25808
30260
10514
64514
21691
22116
22967
24409
26448
13693
51308
48694
38545
42216
58788
20341
10781
57362
33162
61363
35690
1133
8648
54122
9064
49273
52298
41678
58615
7984
60004
30024
58465
4834
57260
3046
39814
36016
55412
25529
5687
17495
51404
56508
26399
39768
42309
48626
13609
1755
19916
30221
32969
12617
10235
8082
39173
8140
60531
12848
38606
27805
4485
63241
11194
28196
38864
64891
33887
34800
53976
1961
59328
1627
21286
27561
27130
44041
2154
54939
55684
27143
27633
31637
14669
50149
23878
43047
59441
53646
57289
17650
42145
7306
5949
8499
7005
13930
28271
56802
42735
38498
25849
38621
27788
19696
62288
57480
34607
29184
5636
38015
29847
58505
58687
6916
20106
20112
39948
9889
28235
13772
17984
7782
9847
50264
5094
1942
6379
32250
57504
37779
63730
8707
39974
57541
65120
59313
27048
30508
64073
14248
28234
29160
33333
10480
1461
40924
31043
50870
1741
38329
59327
28339
46218
15544
28558
8778
10150
51668
12034
9922
24582
19332
53683
51082
42997
5586
16694
63614
41660
24851
35593
14855
54019
60377
26362
50622
57081
32781
26476
15441
36793
58155
27550
56604
59964
9424
59801
37174
43320
64367
8724
40750
25663
8004
12936
52818
22606
28088
14685
47246
52214
19911
43809
27887
40146
61069
28580
47801
34873
52881
5916
12891
3375
43636
15420
20000
25855
50997
5367
15669
33208
13507
64063
28660
31050
29732
54349
33104
26737
5811
30353
11907
1349
52292
63726
16431
40316
43778
34155
7999
39713
42772
13965
6209
23379
30874
60610
22957
53427
65007
11759
39257
13673
19721
33324
6890
51957
37715
31192
59653
5890
60864
54292
21883
12231
1364
42798
58822
61240
21872
5982
22932
28089
4755
2323
25685
2701
6377
23507
29205
54431
41829
63209
38492
6532
48476
15080
51927
44353
64261
1913
26223
35602
32747
19915
13597
22901
20216
18881
39191
12529
19667
47292
26421
35161
58624
20761
53052
6939
27319
795
9373
48534
49733
10152
6738
14078
44218
17592
21574
41427
59536
57201
44794
34349
54406
27219
27318
17863
6337
34654
26388
44952
11116
62540
46638
56972
5088
48917
12391
17814
16423
7153
2840
34083
24161
390
14684
23124
9476
48381
1877
23130
39826
878
43381
58207
32883
47650
41791
37735
45372
12366
63352
64616
16445
54457
3942
13822
1522
25993
31615
20608
50664
6381
61039
46518
22166
34986
44891
53331
61698
4356
53900
14329
53779
31490
44034
25407
33378
60315
34423
65235
25677
14886
55031
28725
61844
41453
4599
24164
23501
45561
24283
62153
62459
62596
39482
43977
57257
57926
6815
20454
41828
50663
13992
51122
64931
32545
39687
17660
26643
62505
37620
16908
29330
8322
49771
7090
34949
21352
49019
38760
45445
27364
750
50016
34674
54432
57679
46092
6187
22479
30620
37083
18118
13668
35701
48079
45440
60054
26915
11363
15514
52827
27440
4413
25033
